[{'id': 11989457,
'file': '/Users/lingmou/Desktop/python-script/trax-selenium/scence/20190313/9239481/20190313123315-1c5682c9-736d-4f18-bad6-b43fef802c5e.jpeg',
'w': 2304, 'h': 4608,
'H': array([[ 1.66276380e-01, -4.31187600e-02,  2.34466324e+02],
       [ 5.70096960e-03,  1.50568649e-01,  4.23774986e+01],
       [-1.19450764e-04, -1.00430094e-04,  1.00000000e+00]]),
 'rect': (66, 42, 1531, 2816),
 'objects': [[736.67395, 1953.5713, 463, 11989458], [1813.9498, 1672.774, 463, 11989458], [661.6589, 3012.261, 1333, 11989458], [675.4475, 1850.8708, 126, 11989458], [547.493, 1934.8647, 126, 11989458], [438.17398, 2002.547, 126, 11989458], [1165.7047, 1821.6879, 127, 11989458], [1387.5848, 1913.3743, 628, 11989458], [1758.5714, 2639.3699, 628, 11989458], [1348.7921, 2733.501, 628, 11989458], [1845.4133, 1911.946, 628, 11989458], [1351.8452, 2384.6497, 628, 11989458], [1733.1306, 2256.0544, 628, 11989458], [982.2381, 1758.6765, 125, 11989458], [848.32056, 1787.8605, 125, 11989458], [718.9288, 2537.4504, 1389, 11989458]]},
 {'id': 11989458,
 'file': '/Users/lingmou/Desktop/python-script/trax-selenium/scence/20190313/9239481/20190313123330-b9a846ec-d59f-4e72-ba08-ff679225ce9e.jpeg',
 'w': 2304, 'h': 4608, 'H': array([[ 1.43194824e-01, -5.30304126e-02,  2.47176468e+02],
       [-2.74194460e-02,  1.16872624e-01,  1.32926132e+02],
       [-1.14657421e-04, -1.23245438e-04,  1.00000000e+00]]),
       'rect': (6, 94, 1973, 3524),
       'objects': [[775.7175, 1834.4081, 463, 11989458], [1908.0106, 1720.8345, 463, 11989458], [708.5111, 2905.2795, 1333, 11989458], [707.3385, 1711.9034, 126, 11989458], [567.2493, 1781.069, 126, 11989458], [447.1569, 1835.8508, 126, 11989458], [1236.2172, 1766.8129, 127, 11989458], [1465.4658, 1901.3337, 628, 11989458], [1808.0757, 2678.6626, 628, 11989458], [1405.6198, 2718.4966, 628, 11989458], [1927.0708, 1973.7219, 628, 11989458], [1416.9312, 2377.348, 628, 11989458], [1800.1849, 2303.1536, 628, 11989458], [1041.249, 1666.3868, 125, 11989458], [896.2095, 1674.0695, 125, 11989458], [762.76154, 2442.5654, 1389, 11989458]]}]
